1.73308696
2.32478443
2.37370659
2.33488698
-17.62473777
1.05679730
1.17328461
-18.51113653
-17.92536869
1.92155104
1.61113638
1.12140805
-18.27959047
-18.70736394
3.04101290
-18.36004284
-18.63630883
-18.44435472
2.52324417
2.99330907
-18.06298457
-17.87284399
1.91576421
-17.87103401
-17.27578082
-18.52440872
1.40274901
2.21724606
2.24440096
2.23053145
2.51427354
2.23487488
3.44117783
2.24539771
-17.57040066
-17.44189637
-19.04676439
1.40730928
-17.94747494
1.95381354
2.48320842
-18.01222066
1.81423059
-18.13350834
-18.22857800
-18.62533375
