1.19111686
2.11234008
2.04217026
2.23402806
-47.96273856
1.01717003
1.14214396
-48.59690832
-48.20607501
1.71971607
1.61882341
-0.83533437
-48.54967272
-48.66515071
3.04326520
-48.64962625
-48.74940937
-48.63637584
2.19102410
2.50144460
-48.34097169
-48.05552086
1.84539148
-48.23943664
-47.47229652
-48.78434960
1.29711058
2.02032251
2.03923780
1.40902887
2.24725939
1.91776673
3.01736557
1.70769064
-47.84560705
-47.77074198
-49.04844212
1.20987530
-48.13929737
0.96563510
1.98682522
-48.14249267
1.24545976
-48.32885856
-48.25203005
-48.66849460
